143
495
286
77
473
466
196
413
296
30
358
84
434
98
490
111
195
262
384
438
265
194
160
387
467
247
114
7
96
243
201
357
364
158
359
288
158
139
476
229
170
460
53
91
373
139
328
230
269
189
376
33
265
195
94
235
66
214
311
433
336
236
260
438
438
351
172
345
267
479
235
171
229
221
451
139
166
21
70
490
278
131
217
463
72
40
23
48
159
247
22
274
113
415
166
268
478
180
291
366
79
18
131
402
424
228
374
164
242
439
34
467
303
119
328
424
292
292
96
427
8
93
205
353
251
153
83
185
235
445
252
151
198
295
475
189
28
366
268
9
471
479
500
482
25
240
401
72
18
327
169
462
82
430
200
464
325
35
164
417
424
184
342
171
74
158
445
156
358
435
318
6
404
95
332
164
146
337
330
218
314
261
146
260
217
456
335
292
311
334
457
35
426
382
243
462
54
16
200
397
204
436
278
357
229
133
296
243
319
127
186
192
214
111
71
358
370
67
112
201
152
294
453
276
424
159
13
358
180
439
279
101
23
317
120
174
424
457
274
341
142
496
186
214
70
341
241
427
278
370
97
390
156
213
97
382
474
83
169
337
231
369
401
280
487
475
279
117
438
170
175
60
108
339
247
175
248
69
170
291
154
330
296
10
424
156
152
163
204
205
183
250
309
363
307
53
419
382
376
323
315
290
422
165
462
147
72
127
479
139
183
186
484
240
282
372
387
433
200
231
317
235
446
265
199
219
367
56
194
428
4
118
165
424
112
228
383
257
454
101
116
493
28
11
109
336
218
71
496
244
344
63
13
340
39
246
230
53
53
108
163
14
370
262
122
180
288
93
45
256
323
56
243
204
266
282
314
442
116
265
192
37
437
17
486
271
111
132
423
154
307
460
409
357
339
155
383
217
380
422
212
425
8
74
313
404
336
217
141
152
100
111
67
372
238
433
111
35
294
228
31
189
207
21
258
201
339
286
134
47
313
465
421
499
198
141
445
254
146
350
230
392
326
189
91
376
70
134
76
201
235
113
259
368
391
92
154
363
432
273
434
54
173
331
55
40
285
407
99
21
229
486
346
321
457
256
479
84
310
143
255
322
35
4
137
170
145
196
45
395
44
26
53
298
423
228
103
64
72
164
